Вывод:
20,000000  13,120572  2621,917216 6,879428  
13,120572  11,086921  1617,710401 2,033651  
11,086921  9,832168   1147,979401 1,254753  
9,832168   8,941755   876,034866 0,890413  
8,941755   8,262272   699,783330 0,679483  
8,262272   7,719495   577,039454 0,542777  
7,719495   7,271923   487,143052 0,447572  
7,271923   6,894078   418,788256 0,377845  
6,894078   6,569251   365,278005 0,324827  
6,569251   6,285928   322,400665 0,283322  
6,285928   6,035863   287,380217 0,250065  
6,035863   5,812961   258,316064 0,222902  
5,812961   5,612602   233,865466 0,200359  
5,612602   5,431208   213,054390 0,181394  
5,431208   5,265955   195,160137 0,165252  
5,265955   5,114582   179,635919 0,151373  
5,114582   4,975250   166,060919 0,139332  
4,975250   4,846448   154,106365 0,128803  
4,846448   4,726917   143,511936 0,119530  
4,726917   4,615604   134,069032 0,111313  
4,615604   4,511616   125,608684 0,103989  
4,511616   4,414189   117,992688 0,097427  
4,414189   4,322670   111,106992 0,091519  
4,322670   4,236492   104,856709 0,086178  
4,236492   4,155161   99,162311  0,081331  
4,155161   4,078247   93,956679  0,076914  
4,078247   4,005371   89,182810  0,072876  
4,005371   3,936198   84,792009  0,069173  
3,936198   3,870430   80,742446  0,065768  
3,870430   3,807804   76,998009  0,062627  
3,807804   3,748081   73,527373  0,059722  
3,748081   3,691051   70,303241  0,057030  
3,691051   3,636521   67,301733  0,054530  
3,636521   3,584320   64,501869  0,052202  
3,584320   3,534290   61,885155  0,050030  
3,534290   3,486289   59,435225  0,048000  
3,486289   3,440189   57,137553  0,046100  
3,440189   3,395871   54,979205  0,044318  
3,395871   3,353228   52,948629  0,042644  
3,353228   3,312159   51,035478  0,041069  
3,312159   3,272574   49,230461  0,039585  
3,272574   3,234389   47,525214  0,038185  
3,234389   3,197527   45,912187  0,036862  
3,197527   3,161916   44,384552  0,035611  
3,161916   3,127489   42,936117  0,034426  
3,127489   3,094187   41,561258  0,033303  
3,094187   3,061950   40,254854  0,032236  
3,061950   3,030727   39,012235  0,031223  
3,030727   3,000468   37,829134  0,030259  
3,000468   2,971126   36,701641  0,029342  
2,971126   2,942659   35,626175  0,028467  
2,942659   2,915026   34,599445  0,027633  
2,915026   2,888190   33,618422  0,026837  
2,888190   2,862114   32,680315  0,026076  
2,862114   2,836766   31,782552  0,025348  
2,836766   2,812115   30,922751  0,024652  
2,812115   2,788130   30,098713  0,023985  
2,788130   2,764784   29,308395  0,023346  
2,764784   2,742052   28,549907  0,022733  
2,742052   2,719907   27,821489  0,022144  
2,719907   2,698328   27,121506  0,021579  
2,698328   2,677291   26,448437  0,021036  
2,677291   2,656777   25,800861  0,020514  
2,656777   2,636765   25,177454  0,020012  
2,636765   2,617237   24,576979  0,019529  
2,617237   2,598174   23,998279  0,019063  
2,598174   2,579560   23,440271  0,018614  
2,579560   2,561379   22,901940  0,018181  
2,561379   2,543615   22,382336  0,017764  
2,543615   2,526255   21,880563  0,017361  
2,526255   2,509283   21,395784  0,016971  
2,509283   2,492688   20,927209  0,016595  
2,492688   2,476456   20,474096  0,016232  
2,476456   2,460576   20,035746  0,015880  
2,460576   2,445035   19,611498  0,015540  
2,445035   2,429824   19,200731  0,015211  
2,429824   2,414931   18,802859  0,014893  
2,414931   2,400347   18,417325  0,014584  
2,400347   2,386062   18,043607  0,014285  
2,386062   2,372067   17,681208  0,013995  
2,372067   2,358353   17,329659  0,013714  
2,358353   2,344911   16,988514  0,013441  
2,344911   2,331734   16,657351  0,013177  
2,331734   2,318814   16,335772  0,012920  
2,318814   2,306144   16,023396  0,012671  
2,306144   2,293715   15,719863  0,012428  
2,293715   2,281522   15,424829  0,012193  
2,281522   2,269558   15,137971  0,011964  
2,269558   2,257817   14,858976  0,011742  
2,257817   2,246292   14,587552  0,011525  
2,246292   2,234977   14,323416  0,011315  
2,234977   2,223867   14,066301  0,011110  
2,223867   2,212957   13,815953  0,010910  
2,212957   2,202241   13,572127  0,010716  
2,202241   2,191714   13,334591  0,010527  
2,191714   2,181371   13,103124  0,010343  
2,181371   2,171208   12,877515  0,010163  
2,171208   2,161220   12,657559  0,009988  

число итераций: 97
корень: 2.1612195020258063
значение функции в корне: 12.657559245746175

